Eigvals	15
0.3850536604044584	0.2741888953520805	0.24655029197434797	0.20414942531516697	0.14916063262303547	0.12220038668365392	0.11392523886249832	0.1096028442943686	0.09778397571848693	0.08004347226639238	0.06998341362177442	0.04842588360086491	0.04534404255970044	0.038600152319216346	0.0

Proportion explained	15
0.1939804893799045	0.13812956886856845	0.12420592559412688	0.10284542000630681	0.07514342931330709	0.061561525701144294	0.05739271135367724	0.055215196114013945	0.049261143092265924	0.04032391720570131	0.03525590902984412	0.024395759774580503	0.02284320465089147	0.019445799915667406	0.0

Species	0	0

Site	15	15
S210421121688	-0.12809205349695324	0.018498390416624662	-0.005827350719103142	-0.1322150206400874	-0.05616918292807403	0.0014889629965556777	0.02386662605693567	-0.00019648977499134965	-0.0920816087542329	0.230833543158423	-0.0066401164987820544	0.024322587173856654	-0.01206749255346261	-0.018720789608525308	-0.0
S210421121689	-0.1028679786240559	0.1384167193282135	-0.05152840850000531	0.03866036285784411	0.12004449920141544	0.15325801874048467	-0.023795044473898994	0.025489874815723408	-0.07556034284484663	-0.01657555808596856	-0.08843951949492687	-0.040322778012071396	0.109720984695775	0.04191355646510488	-0.0
S210421121690	-0.092465168331723	0.12967200688533423	-0.0639150959898981	0.062987530600778	0.09823472956009627	0.09594717643461517	0.12094074428565527	0.05444643258058914	0.08840010594330129	-0.019509745823957193	0.007760222282249813	0.12018089310030629	-0.07784602235746937	-0.00589043317810277	-0.0
S210421121691	-0.2604117748837533	-0.046478942898133896	-0.024453863181719944	-0.13127006408752945	-0.049443516316861544	0.056837371453723494	-0.05445233278601043	0.0070243008914290936	-0.12068221430909672	-0.12202606101768944	0.11729898162674528	-0.01983535706971052	-0.04888413205883379	-0.005564136238176635	-0.0
S210421121692	-0.180301725839727	0.15232161180265563	0.04002300572156785	0.08545115936463996	-0.038794170992188855	-0.12663516170358988	-0.03696696044449872	-0.021200727813615566	0.05000942770909367	0.0021676002017577338	-0.07700794210788808	-0.08169147060022268	-0.08998751780174395	0.07294277054127996	-0.0
S210421121693	-0.23089522038693422	0.095305139880747	0.04226090667997945	0.07690945723407618	-0.04308244703219553	-0.12885908322435038	-0.02170388573310164	-0.031280420459266316	0.08627893763257005	-0.01799165887304333	0.04470802115120234	0.02721447837704762	0.10487003838897606	-0.08733060252333603	-0.0
S210421121698	0.18713821649933784	0.005133198015842037	0.07027655687145883	0.3102453276104766	-0.14684497120505818	0.05604710224748538	-0.02667198279373818	0.022174176436499316	-0.1130500223852496	0.0057352854486047425	0.015012836646520098	0.011782672796072105	-0.021277932094373047	-0.02953064978016359	-0.0
S210421121699	0.039436515260656155	-0.1908072841755452	0.012442218152472002	0.04294097405989536	0.111747107110724	-0.1412025977114472	-0.07753298261780148	0.03915644863227826	-0.04776985666361953	0.004555816355128738	0.03144254572710062	0.0931939349523051	0.030746058595830794	0.09530288017503692	-0.0
S210421121700	0.11948781689961215	-0.020689842624830826	-0.11135920421064041	0.023920482212939922	-0.004992019798617598	-0.03854052020060652	0.22519817228756706	-0.07425559684037301	0.0012548224596026516	0.005846244858096796	0.10125591272508014	-0.07105496057975952	0.03531403650708822	0.04611896004383674	-0.0
S210421121701	0.11827243450455496	-0.03325938793528234	0.13006585824656486	0.0072831711690952	0.20485058853608068	0.047663980629994405	-0.08311852276591095	-0.18611033554185014	0.025808626830824945	0.030059911501723057	0.034338542616468244	-0.031844918512633866	-0.04044892102765289	-0.04629879831540933	-0.0
S210421121702	0.19866120070382737	0.1316316015409182	0.3359129766757993	-0.18749392100731158	-0.06741356485934212	-0.000488644755855025	0.05030858829303267	0.039596061019228884	0.00894158114888748	-0.05105801784476078	-0.017472547583200534	0.02280551559347269	0.021221333604619676	0.021852373607387576	-0.0
S210421121707	-0.08113811457365601	-0.29273398957660735	0.013078620926886036	-0.010307413302989702	-0.14701861824709442	0.13341147049010466	-0.018688571716293345	-0.05569072484034836	0.14398978403610582	0.005564566643408473	-0.04764226104486799	0.0047058685761840495	0.018511351699531223	0.03270096803965041	-0.0
S210421121708	0.0427964541642842	-0.1696963448564492	0.021734609599287014	-0.004614126918679577	0.09792481399636391	-0.026296812687307016	0.019290580939453954	0.22428985536101848	0.04270834980230791	0.013243694460683339	-0.010363740302336501	-0.0873398929056903	-0.016342844303995362	-0.0632189625276961	-0.0
S210421121709	0.0998505515412766	-0.08158716905308672	-0.15758280037656974	-0.08410078557808087	-0.014748952127026345	-0.09077092429838866	0.05434945563613372	-0.07836339246709965	-0.0794460809995947	-0.08322946592022047	-0.15113795757533915	0.02993034597927656	-0.01629592113164918	-0.06059184484383001	-0.0
S210421121710	0.27052884656325293	0.16427429324960163	-0.2511280298960794	-0.09839713357506723	-0.06429429489822196	0.008139661588581305	-0.1510238841675255	0.034920538000777435	0.08119849039394664	0.012383844937813842	0.046887021831974275	-0.0020469188684320047	0.0027669798373586587	0.0063147081429427085	-0.0

Biplot	0	0

Site constraints	0	0
